state	joint	prior	likelihood	tree:height	tree:length	population_size	growth_rate	kappa	clock_rate	prior:coalescent
0	-78098.24794727014	-1038.8705901991852	-77059.37735707096	2.122352222677232	31.30403193131713	1.0	0.0	2.0	0.001	-1024.78982615802
1000	-76150.05230334104	-1692.1390384681154	-74457.91326487293	2.2027422456124275	39.947388149127406	1.2494286447737664	-2.0046001203090253	2.513173274803246	9.635045711338574E-4	-1677.6153504543656
2000	-74898.01659940829	-1960.3417122555843	-72937.67488715271	1.4245319678234096	41.89964069536309	1.5834069861489846	-2.216834017321669	3.208053004526738	0.0011481000559098935	-1945.3276124550946
3000	-74107.8943893457	-2384.949190330576	-71722.94519901513	1.495468597294767	50.923378809188875	2.525026540433608	-2.2741359838620596	3.237844703491057	0.0010936406387015013	-2369.4572276687854
4000	-73387.77908148023	-2533.5949864331205	-70854.18409504711	1.495468597294767	54.984980607220756	3.279663099772784	-2.2741359838620596	3.8596533599828065	0.0014206843933878637	-2517.635178171447
5000	-72946.99384756769	-2651.7771331242557	-70295.21671444344	1.495468597294767	57.84164898877459	3.6218081468101104	-2.2741359838620596	3.8596533599828065	0.0014206843933878637	-2635.7178492646535
6000	-72504.8079782871	-2761.6928867929228	-69743.11509149418	1.2378109779393651	60.523939783326846	4.442322667753215	-1.9133553203527947	3.8596533599828065	0.0014206843933878637	-2745.4323904555818
7000	-72076.1638231621	-2880.307898859099	-69195.855924303	1.2378109779393651	63.9485122777816	4.442322667753215	-1.4075114971394789	3.8596533599828065	0.0014206843933878637	-2864.0524609599906
8000	-71548.14870368058	-2957.634098613922	-68590.51460506665	1.2378109779393651	68.71681169419381	6.106244696750495	-0.7675951289101375	4.936367014526153	0.0014206843933878637	-2940.7449472464455
9000	-71128.44292739464	-3004.74454273811	-68123.69838465654	1.2378109779393651	69.74164528732818	6.663460644663764	-0.2789501597867712	5.5430499191612626	0.0014206843933878637	-2987.6080046480315
10000	-70769.46956258039	-3062.2475486826766	-67707.22201389771	1.2378109779393651	70.67982882874017	6.663460644663764	-0.33230658876009844	7.098005674826496	0.0014206843933878637	-3044.7308808721646
11000	-70388.67370325049	-3097.328657579615	-67291.34504567088	1.2378109779393651	72.83017013831555	9.28959529849998	0.1432111187667946	7.098005674826496	0.0011505404507015894	-3079.4798711102276
12000	-70012.49742531704	-3147.751362594935	-66864.7460627221	1.2378109779393651	75.6966076729903	9.28959529849998	0.1432111187667946	7.098005674826496	9.415112038320446E-4	-3129.9029941840413
13000	-69793.52519496653	-3206.5368135457766	-66586.98838142074	1.2378109779393651	77.13218039353545	9.28959529849998	0.1432111187667946	7.5423766635134	9.50839391251433E-4	-3188.5892217675664
14000	-69492.27330691554	-3260.7890186222303	-66231.4842882933	1.2378109779393651	79.55225008115183	9.268832021562886	0.8449932707003844	7.5423766635134	9.50839391251433E-4	-3242.8366651607867
15000	-69159.50379355568	-3303.7970081323624	-65855.70678542332	1.2378109779393651	80.98603833027099	9.268832021562886	0.859480760051407	7.5423766635134	9.50839391251433E-4	-3285.8445097960252
16000	-68843.51410375911	-3312.3074936181206	-65531.20661014099	1.0244418664123862	82.68157780031902	12.365139188330716	1.2136941871265385	7.5423766635134	9.50839391251433E-4	-3294.0604212827025
17000	-68604.64565269841	-3337.186182656052	-65267.45947004236	1.0244418664123862	83.49314757620397	12.365139188330716	1.8727896650000517	7.5423766635134	9.130616512889254E-4	-3318.932594921335
18000	-68237.57026358147	-3346.5665411267687	-64891.003722454705	1.0244418664123862	85.29627335214562	15.158220801957672	2.2626850712032827	6.994546398465112	9.106503633666874E-4	-3328.2256463455724
19000	-68150.07869838638	-3361.9626062878738	-64788.116092098506	1.0244418664123862	86.17583107667049	17.779259889443335	2.2626850712032827	6.994546398465112	9.106503633666874E-4	-3343.459760365956
20000	-67968.49889918359	-3383.6514939672493	-64584.84740521634	1.0244418664123862	88.21555281641389	16.78276881299791	2.454687161142882	7.0665097316850325	7.762455834880014E-4	-3365.1891545566104
21000	-67852.23533960158	-3370.5499708521506	-64481.68536874944	1.0244418664123862	88.45865041242917	17.917779868033502	3.7936576471371986	7.362477750466883	7.762455834880014E-4	-3351.9410757384353
22000	-67808.62014669311	-3351.0514719606886	-64457.56867473242	1.0244418664123862	88.84428367536562	20.992368279386074	3.7936576471371986	7.362477750466883	7.762455834880014E-4	-3332.281295176184
23000	-67789.17345406649	-3352.834214543825	-64436.33923952267	1.0244418664123862	89.21941655405017	20.992368279386074	4.26985598422858	7.362477750466883	7.762455834880014E-4	-3334.0592757759496
24000	-67773.80593586733	-3349.013175613581	-64424.79276025375	1.0244418664123862	89.38096423617957	22.78325682579681	4.26985598422858	7.362477750466883	7.762455834880014E-4	-3330.154660864076
25000	-67766.5196038414	-3352.979271537594	-64413.540332303804	1.0244418664123862	89.66835990746081	22.89960181374901	4.958287459158397	7.362477750466883	7.762455834880014E-4	-3334.108667616042
26000	-67743.90649443623	-3344.6827489259003	-64399.22374551034	1.0244418664123862	89.79926318818987	25.351408930372955	4.970750769176526	7.362477750466883	7.762455834880014E-4	-3325.70795549368
27000	-67737.74896585583	-3343.5843334197357	-64394.1646324361	1.0244418664123862	89.43516103766954	25.351408930372955	4.970750769176526	7.362477750466883	7.762455834880014E-4	-3324.6095399875153
28000	-67736.27120965783	-3341.7717935490073	-64394.49941610882	1.0244418664123862	89.34378626320655	25.351408930372955	4.992633853597513	7.362477750466883	7.762455834880014E-4	-3322.796781285943
29000	-67718.02259113432	-3341.283224159472	-64376.73936697484	1.0244418664123862	89.41539860899788	26.296683015580236	4.992633853597513	7.362477750466883	7.762455834880014E-4	-3322.270694728276
30000	-67707.90997341166	-3335.2335059955744	-64372.67646741609	1.0244418664123862	89.19577905707598	30.09221176080491	5.4019853702400376	7.362477750466883	7.762455834880014E-4	-3316.0783987614122
31000	-67699.28392754418	-3327.8058683325567	-64371.47805921162	1.0244418664123862	89.17006660910666	32.73591577225806	6.043009201568188	7.362477750466883	7.762455834880014E-4	-3308.5575849384536
32000	-67695.79087502736	-3324.2291484845114	-64371.56172654286	1.0244418664123862	89.09740293695789	33.50301221527598	6.280660470859145	7.362477750466883	7.762455834880014E-4	-3304.954582108971
33000	-67694.62889729699	-3322.7564917890027	-64371.87240550799	1.0244418664123862	89.02435405828216	33.50301221527598	6.280660470859145	7.362477750466883	7.762455834880014E-4	-3303.4819254134622
34000	-67694.09540627812	-3322.223000770131	-64371.87240550799	1.0244418664123862	89.02435405828216	33.50301221527598	6.392929920640926	7.362477750466883	7.762455834880014E-4	-3302.9473117000925
35000	-67694.92482766259	-3321.4676859911788	-64373.45714167141	1.0244418664123862	88.99926746554392	33.50301221527598	6.479397026951656	7.362477750466883	7.762455834880014E-4	-3302.1911322500773
36000	-67695.90885173697	-3323.496259709678	-64372.412592027285	1.0244418664123862	89.09926654108251	33.50301221527598	6.479397026951656	7.362477750466883	7.762455834880014E-4	-3304.2197059685764
37000	-67695.86037707402	-3323.193963838595	-64372.66641323543	1.0244418664123862	89.08767760352892	33.50301221527598	6.479397026951656	7.362477750466883	7.762455834880014E-4	-3303.9174100974938
38000	-67693.90075506984	-3323.5468397644154	-64370.35391530543	1.0244418664123862	89.14692362636278	33.50301221527598	6.479397026951656	7.362477750466883	7.762455834880014E-4	-3304.270286023314
39000	-67690.01256021221	-3325.660085119076	-64364.35247509313	1.0244418664123862	89.34488383667771	33.50301221527598	6.479397026951656	7.362477750466883	7.762455834880014E-4	-3306.3835313779746
40000	-67686.36534800299	-3326.059579365254	-64360.30576863773	1.0244418664123862	89.38104136899634	36.36780380015088	6.479397026951656	7.362477750466883	7.762455834880014E-4	-3306.698194360504
41000	-67684.34751099901	-3322.441599020266	-64361.90591197874	1.0244418664123862	89.12821976818384	36.36780380015088	6.460047555071246	7.362477750466883	7.762455834880014E-4	-3303.0804075102346
42000	-67682.00929673904	-3320.1033847602916	-64361.90591197874	1.0244418664123862	89.12821976818384	36.36780380015088	6.878894057001936	7.362477750466883	7.762455834880014E-4	-3300.738004785241
43000	-67681.93805182386	-3320.0694065748785	-64361.86864524898	1.0244418664123862	89.12573574495761	36.36780380015088	6.878894057001936	7.362477750466883	7.762455834880014E-4	-3300.704026599828
44000	-67683.4137264959	-3320.83408193289	-64362.579644563004	1.0244418664123862	89.15690473262694	36.50226979504603	6.878894057001936	7.362477750466883	7.762455834880014E-4	-3301.4648806098435
45000	-67685.71494689785	-3322.373603081592	-64363.34134381625	1.0244418664123862	89.23626435372506	36.50226979504603	6.7033269049595665	7.362477750466883	7.762455834880014E-4	-3303.006157430066
46000	-67685.70833566881	-3321.8676963243925	-64363.840639344424	1.0244418664123862	89.20787728025894	36.50226979504603	6.910702833826566	7.362477750466883	7.762455834880014E-4	-3302.498176913578
47000	-67681.0285505338	-3320.6369120215263	-64360.391638512265	0.936708468629773	89.15440206557378	36.50226979504603	6.910702833826566	7.362477750466883	7.762455834880014E-4	-3301.267392610712
48000	-67681.19745083107	-3320.8058123188075	-64360.391638512265	0.936708468629773	89.15440206557378	36.50226979504603	6.7376290928024405	7.362477750466883	7.762455834880014E-4	-3301.438023645403
49000	-67676.96477149647	-3320.7486974473445	-64356.21607404912	0.936708468629773	89.03582094430156	36.50226979504603	6.7376290928024405	7.362477750466883	7.762455834880014E-4	-3301.38090877394
50000	-67677.6773942461	-3320.9473020689766	-64356.730092177124	0.936708468629773	89.06334599129404	35.34548647875028	6.7376290928024405	7.362477750466883	7.762455834880014E-4	-3301.6128417167174
51000	-67677.800799115	-3321.070706937872	-64356.730092177124	0.936708468629773	89.06334599129404	35.34548647875028	6.799475538872627	7.362477750466883	7.762455834880014E-4	-3301.735628121152
52000	-67675.1893182907	-3320.8527019280464	-64354.33661636264	0.936708468629773	89.06887838614406	35.34548647875028	6.686080969706001	7.362477750466883	7.762455834880014E-4	-3301.5187570570183
53000	-67677.74794219912	-3322.5489384066077	-64355.19900379251	0.936708468629773	89.1349554595833	34.30342655734579	6.686080969706001	7.362477750466883	7.762455834880014E-4	-3303.2459311244834
54000	-67677.74794219912	-3322.5489384066077	-64355.19900379251	0.936708468629773	89.1349554595833	34.30342655734579	6.686080969706001	7.362477750466883	7.762455834880014E-4	-3303.2459311244834
55000	-67677.91601001809	-3323.4735131401617	-64354.44249687792	0.936708468629773	89.17064234490334	34.30342655734579	6.667168860978859	7.362477750466883	7.762455834880014E-4	-3304.1706949791246
56000	-67677.16275320495	-3322.7202563270203	-64354.44249687792	0.936708468629773	89.17064234490334	35.72063132128759	6.667168860978859	7.362477750466883	7.762455834880014E-4	-3303.3755782631933
57000	-67678.59373199477	-3325.4293236068165	-64353.16440838795	0.936708468629773	89.1005817725927	38.58874385173219	6.667168860978859	7.362477750466883	7.762455834880014E-4	-3306.0046224687876
58000	-67676.25680261913	-3323.4229298064374	-64352.8338728127	0.936708468629773	89.11242176475275	38.52394570308207	6.818372312001015	7.362477750466883	7.762455834880014E-4	-3303.9984603610565
59000	-67676.27694275288	-3322.291599951586	-64353.9853428013	0.936708468629773	89.05651895053006	38.52394570308207	6.818372312001015	7.362477750466883	7.762455834880014E-4	-3302.867130506205
60000	-67677.05806550103	-3322.1362958961813	-64354.92176960485	0.936708468629773	89.09487641496094	35.41344429005439	6.871938746142636	7.362477750466883	7.762455834880014E-4	-3302.7985055834088
61000	-67677.10285216778	-3321.6273025701876	-64355.4755495976	0.936708468629773	89.03870066276335	34.79134314967641	6.871938746142636	7.362477750466883	7.762455834880014E-4	-3302.307839570099
62000	-67676.0258792925	-3321.137424372156	-64354.88845492034	0.936708468629773	89.03940999334583	34.782613053405136	6.7974883285734915	7.362477750466883	7.762455834880014E-4	-3301.8189653141244
63000	-67675.45513884316	-3319.904927394735	-64355.55021144842	0.936708468629773	88.9375014216374	34.782613053405136	6.374927700139555	7.362477750466883	7.762455834880014E-4	-3300.5906939429874
64000	-67673.47026920019	-3318.167585372605	-64355.302683827584	0.936708468629773	88.92916840612439	35.19186545364495	6.615187704468383	7.362477750466883	7.762455834880014E-4	-3298.8388544419313
65000	-67673.5308383648	-3317.341772397062	-64356.18906596774	0.936708468629773	88.87928276757212	35.19186545364495	6.79172986099643	7.362477750466883	7.762455834880014E-4	-3298.0112760448233
66000	-67674.49945953766	-3317.4679407745307	-64357.031518763135	0.936708468629773	88.82136769204497	38.144570244997	6.79172986099643	7.362477750466883	7.762455834880014E-4	-3298.054003825665
67000	-67673.85217699985	-3316.411492641511	-64357.440684358335	0.936708468629773	88.79219421195971	37.85503601639781	6.79172986099643	7.362477750466883	7.762455834880014E-4	-3297.005457005617
68000	-67671.20592103171	-3314.2696610106	-64356.9362600211	0.936708468629773	88.73615859794698	35.4695216404242	6.768296258365982	7.362477750466883	7.762455834880014E-4	-3294.9312703754726
69000	-67669.72753809467	-3313.8550503231045	-64355.872487771565	0.936708468629773	88.69796319744624	35.4695216404242	6.61782595672772	7.362477750466883	7.762455834880014E-4	-3294.5181643909937
70000	-67669.32798655203	-3313.4554987804595	-64355.872487771565	0.936708468629773	88.69796319744624	35.4695216404242	6.868312305297058	7.362477750466883	7.762455834880014E-4	-3294.116107984863
71000	-67669.41226571401	-3313.3940675654035	-64356.01819814861	0.936708468629773	88.70558563824018	38.83173818111571	7.281656888102355	7.362477750466883	7.762455834880014E-4	-3293.9567075473296
72000	-67670.52009317574	-3314.5018950271387	-64356.01819814861	0.936708468629773	88.70558563824018	41.259623330309324	7.281656888102355	7.362477750466883	7.762455834880014E-4	-3295.0015212985722
73000	-67673.73788033587	-3315.3267686095937	-64358.41111172628	0.936708468629773	88.84967606517925	41.259623330309324	7.281656888102355	7.362477750466883	7.762455834880014E-4	-3295.826394881027
74000	-67670.7148494173	-3315.327912661588	-64355.38693675572	0.936708468629773	88.75549502977965	41.259623330309324	7.281656888102355	7.362477750466883	7.762455834880014E-4	-3295.8275389330215
75000	-67668.62922663566	-3311.717588889695	-64356.91163774597	0.936708468629773	88.55812623107902	41.259623330309324	7.575440418227848	7.362477750466883	7.762455834880014E-4	-3292.214277325827
76000	-67667.51791339647	-3313.427463262187	-64354.09045013428	0.936708468629773	88.63984767051302	41.259623330309324	7.575440418227848	7.362477750466883	7.762455834880014E-4	-3293.924151698319
77000	-67668.67351634766	-3314.3660706060164	-64354.307445741644	0.936708468629773	88.7309970540418	41.259623330309324	7.575440418227848	7.362477750466883	7.762455834880014E-4	-3294.8627590421484
78000	-67668.3617724616	-3314.0543267199646	-64354.307445741644	0.936708468629773	88.7309970540418	41.259623330309324	7.366160468916536	7.362477750466883	7.762455834880014E-4	-3294.55310795559
79000	-67668.08872606077	-3313.7074538874394	-64354.381272173334	0.936708468629773	88.72018176067193	41.259623330309324	7.41011901576557	7.362477750466883	7.762455834880014E-4	-3294.2057955375963
80000	-67669.52158234881	-3315.019374950539	-64354.50220739828	0.936708468629773	88.76705595100024	39.97709266200959	7.532115225372836	7.362477750466883	7.762455834880014E-4	-3295.549325363306
81000	-67667.27985321295	-3313.5472335519726	-64353.73261966099	0.936708468629773	88.6800302774182	39.97709266200959	7.08253834523602	7.362477750466883	7.762455834880014E-4	-3294.081679733541
82000	-67667.84193150916	-3314.109311848171	-64353.73261966099	0.936708468629773	88.6800302774182	39.97709266200959	7.581872926878383	7.362477750466883	7.762455834880014E-4	-3294.6387646839225
83000	-67667.73490095635	-3314.463147686811	-64353.27175326953	0.936708468629773	88.67746110984511	38.26682962971983	7.457263948036593	7.362477750466883	7.762455834880014E-4	-3295.0392363050246
84000	-67669.52788745752	-3314.8292508679965	-64354.69863658951	0.936708468629773	88.70468295322256	38.26682962971983	7.457263948036593	7.362477750466883	7.762455834880014E-4	-3295.40533948621
85000	-67668.14993406594	-3313.9164928604864	-64354.233441205455	0.936708468629773	88.73130238597496	38.26682962971983	7.311503516922878	7.362477750466883	7.762455834880014E-4	-3294.494039083011
86000	-67664.27016336216	-3310.5618286592953	-64353.70833470287	0.936708468629773	88.57565951762787	39.49961671630815	7.402805895109512	7.362477750466883	7.762455834880014E-4	-3291.1055532638156
87000	-67664.12400296646	-3309.8891928218404	-64354.234810144626	0.936708468629773	88.54938049125896	39.49961671630815	7.402805895109512	7.362477750466883	7.762455834880014E-4	-3290.4329174263607
88000	-67663.21508739877	-3309.7868260502114	-64353.42826134856	0.936708468629773	88.52130984453167	39.49961671630815	7.402805895109512	7.362477750466883	7.762455834880014E-4	-3290.3305506547317
89000	-67663.22339857717	-3310.035087235491	-64353.18831134168	0.936708468629773	88.53343764449168	40.087482003592534	7.402805895109512	7.362477750466883	7.762455834880014E-4	-3290.5634656002558
90000	-67662.9874631199	-3309.8463148833703	-64353.14114823654	0.936708468629773	88.51995453313887	40.087482003592534	7.402805895109512	7.362477750466883	7.762455834880014E-4	-3290.374693248135
91000	-67655.3684749813	-3307.055442111664	-64348.313032869635	0.8302894014873154	88.14625250945726	37.00669715120815	7.1610044495122285	7.362477750466883	7.762455834880014E-4	-3287.6692045262607
92000	-67654.56847290888	-3306.200580488477	-64348.36789242041	0.8302894014873154	88.09946373042719	39.36508254073692	7.1610044495122285	7.362477750466883	7.762455834880014E-4	-3286.7502660048895
93000	-67654.56847290888	-3306.200580488477	-64348.36789242041	0.8302894014873154	88.09946373042719	39.36508254073692	7.1610044495122285	7.362477750466883	7.762455834880014E-4	-3286.7502660048895
94000	-67656.21334190002	-3307.845449479608	-64348.36789242041	0.8302894014873154	88.09946373042719	39.36508254073692	6.98765306216786	7.362477750466883	7.762455834880014E-4	-3288.396868509894
95000	-67654.46918176621	-3305.98340604837	-64348.48577571783	0.8302894014873154	88.09567590423066	39.36508254073692	7.198212217498473	7.362477750466883	7.762455834880014E-4	-3286.532719487103
96000	-67655.11542811888	-3305.0783448048237	-64350.03708331406	0.8302894014873154	88.05738749354471	36.40117607763427	7.079974184340296	7.362477750466883	7.762455834880014E-4	-3285.710004361735
97000	-67655.11542811888	-3305.0783448048237	-64350.03708331406	0.8302894014873154	88.05738749354471	36.40117607763427	7.079974184340296	7.362477750466883	7.762455834880014E-4	-3285.710004361735
98000	-67654.99840777431	-3304.9613244602506	-64350.03708331406	0.8302894014873154	88.05738749354471	36.57392593771303	7.079974184340296	7.362477750466883	7.762455834880014E-4	-3285.5880815052924
99000	-67657.39650337596	-3307.35942006189	-64350.03708331406	0.8302894014873154	88.05738749354471	35.134467711629945	6.494749951276445	7.362477750466883	7.762455834880014E-4	-3288.0335816002694
